R1a:3267.844:-2175.267:1690.118:3190.240000:-2342.197000:1790.204000&R1b:1759.392:-2222.570:3157.832:1696.212000:-2325.842000:3273.262000&R1c:-1906.927:-2326.904:3381.245:-1969.061000:-2339.777000:3534.556000&R2a:3267.844:-2175.267:1690.118:3190.240000:-2342.197000:1790.204000&R2b:1759.392:-2222.570:3157.832:1696.212000:-2325.842000:3273.262000&R2c:-1906.927:-2326.904:3381.245:-1969.061000:-2339.777000:3534.556000&R3a:3267.844:-2175.267:1690.118:3190.240000:-2342.197000:1790.204000&R3b:1759.392:-2222.570:3157.832:1696.212000:-2325.842000:3273.262000&R3c:-1906.927:-2326.904:3381.245:-1969.061000:-2339.777000:3534.556000&


R1:-43.227427:-123.739380:90.138432:-1.115599:0.561085:-1.345001&R2:-43.227427:-123.739380:90.138432:-1.115599:0.561085:-1.345001&R3:-43.227427:-123.739380:90.138432:-1.115599:0.561085:-1.345001&